41
64
4i
+3i
3i
1+3i
+2i
+2i
2i
1+2i
2+2i
+1i
+1i
+1i
1i
1+1i
2+1i
3+1i
-4
-3
-2
-1
0
1
2
3
4
-1i
-1i
-1i
-1i
1-1i
2-1i
3-1i
-2i
-2i
-2i
1-2i
2-2i
-3i
-3i
1-3i
-4i
1 3
2 3
3 4
2 6
3 7
4 8
5 6
6 7
7 8
8 9
5 11
6 12
7 13
8 14
9 15
10 11
11 12
12 13
13 14
14 15
15 16
10 18
11 19
12 20
13 21
14 22
15 23
16 24
17 18
18 19
19 20
20 21
21 22
22 23
23 24
24 25
18 26
19 27
20 28
21 29
22 30
23 31
24 32
26 27
27 28
28 29
29 30
30 31
31 32
27 33
28 34
29 35
30 36
31 37
33 34
34 35
35 36
36 37
34 38
35 39
36 40
38 39
39 40
39 41
